40
1 2 3 4
11 22 33 44
111 222 333 444
1111 2222 3333 4444
2 3 4 5
22 33 44 55
222 333 444 555
2222 3333 4444 5555
3 4 5 6
33 44 55 66
1 2 3 4
11 22 33 44
111 222 333 444
1111 2222 3333 4444
2 3 4 5
22 33 44 55
222 333 444 555
2222 3333 4444 5555
3 4 5 6
33 44 55 66
1 2 3 4
11 22 33 44
111 222 333 444
1111 2222 3333 4444
2 3 4 5
22 33 44 55
222 333 444 555
2222 3333 4444 5555
3 4 5 6
33 44 55 66
1 2 3 4
11 22 33 44
111 222 333 444
1111 2222 3333 4444
2 3 4 5
22 33 44 55
222 333 444 555
2222 3333 4444 5555
3 4 5 6
33 44 55 66